4
2
2
9 14 8 34 0 -1
13 14 4 34 0 2
haar_x2
-3.480640e-003 1 0
2
8 25 10 9 0 -1
13 25 5 9 0 2
haar_x2
-4.939639e-004 -1 -2
-7.510758e-001 -1.000000e+000 8.969963e-001 
2
2
22 24 18 15 0 -1
28 24 6 15 0 3
haar_x3
3.592913e-005 0 1
2
11 13 18 36 0 -1
17 25 6 12 0 9
haar_point
7.857031e-002 -1 -2
-4.775683e-001 -7.515017e-001 3.204892e-001 
2
2
0 19 18 27 0 -1
6 19 6 27 0 3
haar_x3
1.413007e-002 1 0
2
11 36 15 12 0 -1
16 40 5 4 0 9
haar_point
3.810657e-002 -1 -2
7.146667e-001 -8.682405e-001 9.336166e-001 
2
2
14 18 14 2 0 -1
14 19 14 1 0 2
haar_y2
1.056523e-005 0 1
2
12 5 16 42 0 -1
12 26 16 21 0 2
haar_y2
6.522280e-002 -1 -2
-7.052035e-001 2.915024e-001 -7.001300e-001 
-1.219181e+000

3
-1
