3
2
2
27 50 1 12 0 -1
27 50 1 6 0 2
tilted_haar_y2
3.115967e-005 1 0
2
31 40 6 16 0 -1
27 44 6 8 0 2
tilted_haar_y4
-3.192570e-005 -1 -2
-7.596691e-001 -9.444444e-001 9.134228e-001 
2
2
44 33 1 21 0 -1
37 40 1 7 0 3
tilted_haar_x3
-4.306961e-006 1 0
2
23 29 24 24 0 -1
31 37 8 8 0 9
haar_point
7.681857e-005 -1 -2
2.142731e-001 -8.016748e-001 3.027815e-001 
2
2
19 33 21 1 0 -1
26 40 7 1 0 3
tilted_haar_x3
1.329991e-006 1 0
2
15 28 27 24 0 -1
24 36 9 8 0 9
haar_point
3.966634e-004 -1 -2
-8.605804e-001 -9.211844e-001 8.809540e-001 
1.507828e-001

3
-1
