3
2
2
13 14 2 34 0 -1
14 14 1 34 0 2
haar_x2
-7.387664e-006 1 0
2
9 29 15 3 0 -1
14 29 5 3 0 3
haar_x3
3.718796e-006 -1 -2
-7.531819e-001 6.738989e-001 -9.108406e-001 
2
2
13 23 27 12 0 -1
22 27 9 4 0 9
haar_point
3.034625e-006 0 1
2
26 30 7 2 0 -1
26 30 7 1 0 2
tilted_haar_x2
9.471190e-006 -1 -2
-6.878659e-001 2.005403e-001 -4.928181e-001 
2
2
1 16 9 23 0 -1
4 16 3 23 0 3
haar_x3
2.453462e-003 1 0
2
5 11 16 30 0 -1
9 11 8 30 0 2
haar_x4
2.369652e-002 -1 -2
6.243726e-001 -8.319995e-001 4.715720e-001 
-8.459665e-001

5
-1
