3
2
2
0 28 10 32 0 -1
5 28 5 32 0 2
haar_x2
4.536608e-003 0 1
2
8 42 40 9 0 -1
8 45 40 3 0 3
haar_y3
-2.711540e-006 -1 -2
-8.281621e-001 -8.933329e-001 8.181853e-001 
2
2
21 60 21 2 0 -1
21 61 21 1 0 2
haar_y2
-5.711177e-005 1 0
2
40 39 20 4 0 -1
40 39 20 2 0 2
tilted_haar_x2
3.130019e-005 -1 -2
-7.211846e-001 2.797974e-001 -6.660840e-001 
2
2
22 32 19 32 0 -1
22 48 19 16 0 2
haar_y2
-6.839306e-004 1 0
2
19 30 24 28 0 -1
19 44 24 14 0 2
haar_y2
1.380013e-005 -1 -2
-9.619061e-001 -9.791412e-001 8.537284e-001 
-8.098048e-001

2
-1
