3
2
2
3 11 32 24 0 -1
3 23 32 12 0 2
haar_y2
5.120724e-002 0 1
2
8 28 17 3 0 -1
8 29 17 1 0 3
haar_y3
-1.426569e-005 -1 -2
-9.200000e-001 -1.000000e+000 9.516134e-001 
2
2
22 23 1 10 0 -1
22 23 1 5 0 2
tilted_haar_x2
1.751858e-005 1 0
2
14 27 12 6 0 -1
14 27 6 6 0 2
haar_x2
-1.387198e-005 -1 -2
-9.273303e-001 -1.000000e+000 3.332168e-001 
2
2
15 22 10 1 0 -1
15 22 5 1 0 2
tilted_haar_x2
6.180468e-006 1 0
2
14 25 12 9 0 -1
18 28 4 3 0 9
haar_point
1.162518e-003 -1 -2
-9.999950e-001 9.644947e-001 -9.999887e-001 
-8.828356e-001

0
-1
