5
2
2
9 14 8 34 0 -1
13 14 4 34 0 2
haar_x2
-3.977126e-003 1 0
2
18 26 2 8 0 -1
18 26 1 8 0 2
tilted_haar_x2
7.027415e-006 -1 -2
-7.022064e-001 7.431056e-001 -8.636791e-001 
2
2
27 20 1 18 0 -1
21 26 1 6 0 3
tilted_haar_x3
-2.713694e-006 1 0
2
14 20 12 21 0 -1
18 27 4 7 0 9
haar_point
7.167674e-004 -1 -2
1.204577e-001 -1.000000e+000 1.608823e-001 
2
2
13 20 18 1 0 -1
19 26 6 1 0 3
tilted_haar_x3
8.238656e-006 0 1
3
6 14 26 30 0 -1
6 14 13 15 0 2
19 29 13 15 0 2
haar_x2_y2
-8.553858e-002 -1 -2
4.427203e-001 8.707965e-001 -9.574005e-001 
2
2
14 31 12 9 0 -1
18 34 4 3 0 9
haar_point
6.276630e-005 0 1
2
14 19 12 12 0 -1
14 25 12 6 0 2
haar_y2
1.151897e-005 -1 -2
-8.194270e-001 -9.218614e-001 1.281512e-001 
2
2
12 19 17 2 0 -1
12 19 17 1 0 2
tilted_haar_y2
-1.651225e-005 0 1
2
12 18 16 20 0 -1
12 28 16 10 0 2
haar_y2
2.355332e-005 -1 -2
-7.152681e-001 -8.795990e-001 6.530324e-001 
-8.904762e-001

4
-1
