3
2
2
11 42 22 1 0 -1
22 42 11 1 0 2
haar_x2
9.262246e-006 1 0
2
15 42 33 9 0 -1
15 45 33 3 0 3
haar_y3
1.464846e-006 -1 -2
-9.445887e-001 9.212601e-001 -1.000019e+000 
2
2
30 41 18 3 0 -1
30 41 9 3 0 2
haar_x2
3.708284e-005 1 0
2
16 30 31 40 0 -1
16 50 31 20 0 2
haar_y2
-1.186581e-002 -1 -2
-9.117813e-001 3.155368e-001 -9.017003e-001 
2
2
18 40 12 11 0 -1
24 40 6 11 0 2
haar_x2
1.942900e-005 1 0
2
18 41 12 10 0 -1
24 41 6 10 0 2
haar_x2
-1.841529e-005 -1 -2
-1.000007e+000 -1.000000e+000 8.418347e-001 
-1.014535e+000

1
-1
