4
2
2
7 26 12 7 0 -1
13 26 6 7 0 2
haar_x2
1.198704e-005 1 0
2
7 26 12 7 0 -1
13 26 6 7 0 2
haar_x2
-2.869151e-006 -1 -2
-8.712305e-001 -1.000000e+000 9.203238e-001 
2
2
20 25 1 8 0 -1
20 25 1 4 0 2
tilted_haar_x2
-2.096378e-005 0 1
2
20 25 1 8 0 -1
20 25 1 4 0 2
tilted_haar_x2
-2.096378e-005 -1 -2
-1.000000e+000 -1.000000e+000 2.584879e-001 
2
2
20 25 1 8 0 -1
20 25 1 4 0 2
tilted_haar_y2
9.464644e-006 1 0
2
13 21 14 20 0 -1
13 31 14 10 0 2
haar_y2
-7.122026e-004 -1 -2
-9.476824e-001 7.669226e-001 -9.779326e-001 
2
2
7 14 26 24 0 -1
7 26 26 12 0 2
haar_y2
1.882421e-002 0 1
2
10 18 20 26 0 -1
10 31 20 13 0 2
haar_y2
-4.897403e-002 -1 -2
-9.412807e-001 -9.014335e-001 1.912962e-001 
-1.369129e+000

1
-1
