3
2
2
12 18 15 12 0 -1
17 22 5 4 0 9
haar_point
9.704153e-004 0 1
2
11 25 18 2 0 -1
17 25 6 2 0 3
haar_x3
6.233675e-005 -1 -2
-8.723401e-001 8.437503e-001 -9.285793e-001 
2
2
34 22 6 14 0 -1
34 22 3 14 0 2
haar_x2
4.003123e-005 0 1
2
11 14 18 18 0 -1
11 23 18 9 0 2
haar_y2
1.432529e-002 -1 -2
-6.475598e-001 -9.236662e-001 2.419455e-001 
2
2
0 23 6 14 0 -1
3 23 3 14 0 2
haar_x2
1.564151e-003 0 1
2
8 24 6 9 0 -1
8 27 6 3 0 3
haar_y3
1.242159e-004 -1 -2
-7.084698e-001 9.674224e-001 -8.076382e-001 
-1.338864e+000

2
-1
